bMatrix =

 -162.6984  259.8087 -130.0389   21.4229

f1Matrix =

   36.9174  -14.5164   -8.7724   -0.6532

f2Matrix =

   1.0e+04 *

   -1.5548    3.2773   -2.4497    0.7181

xInertial_to_yPixel_Matrix =

   1.0e+03 *

    2.2500   -4.7437    3.5088   -0.6847

yPixel_to_xInertial_Matrix =

    0.0000   -0.0000    0.0049    0.1612
